"Time (MJD)" PAN-STARRS/PS1.g PAN-STARRS/PS1.g_err PAN-STARRS/PS1.i PAN-STARRS/PS1.i_err PAN-STARRS/PS1.r PAN-STARRS/PS1.r_err PAN-STARRS/PS1.z PAN-STARRS/PS1.z_err "Temp./1e3 (K)" "Temp. Err." "Radius/1e15 (cm)" "Radius Err." "Log10(Bol. Lum)" "Log10(Bol. Err)"
215.200 19.472 -0.012 18.945 -0.012 19.277 -0.011 19.743 -0.012 9.370 2.675 0.000 0.000 27.858 27.995
218.200 19.495 -0.009 19.024 -0.009 19.373 -0.010 19.868 -0.012 9.579 2.838 0.000 0.000 27.850 28.005
221.200 19.523 -0.008 19.107 -0.008 19.469 -0.010 19.989 -0.013 9.924 3.158 0.000 0.000 27.850 28.036
239.200 19.747 -0.011 19.632 -0.009 20.008 -0.011 20.633 -0.017 15.256 7.737 0.000 0.000 28.007 28.362
245.200 19.823 -0.010 19.798 -0.009 20.161 -0.012 20.806 -0.018 16.609 8.613 0.000 0.000 28.036 28.397
251.200 19.896 -0.009 19.958 -0.008 20.302 -0.012 20.961 -0.022 17.728 8.862 0.000 0.000 28.052 28.395
254.200 19.934 -0.010 20.039 -0.009 20.371 -0.013 21.035 -0.024 18.430 9.023 0.000 0.000 28.066 28.399
266.200 20.103 -0.011 20.369 -0.011 20.647 -0.017 21.322 -0.033 23.319 11.264 0.000 0.000 28.201 28.520
281.100 20.349 -0.012 20.799 -0.013 21.001 -0.020 21.674 -0.043 38.387 27.707 0.000 0.000 28.611 29.096
284.200 20.400 -0.012 20.887 -0.014 21.073 -0.020 21.743 -0.045 44.715 39.500 0.000 0.000 28.760 29.331
296.000 20.572 -0.013 21.188 -0.016 21.313 -0.021 21.972 -0.049 115.222 360.142 0.000 0.000 29.823 30.936
299.200 20.610 -0.013 21.260 -0.017 21.368 -0.021 22.022 -0.050 191.891 1097.019 0.000 0.000 30.447 31.821
302.200 20.646 -0.013 21.325 -0.018 21.418 -0.021 22.068 -0.051 486.848 7691.714 0.000 0.000 31.624 33.438
320.100 20.877 -0.014 21.716 -0.024 21.720 -0.024 22.328 -0.056 nan nan nan nan nan nan
323.200 20.921 -0.014 21.783 -0.025 21.772 -0.026 22.371 -0.058 nan nan nan nan nan nan
326.100 20.961 -0.015 21.844 -0.026 21.819 -0.027 22.409 -0.061 nan nan nan nan nan nan
329.200 21.004 -0.016 21.909 -0.028 21.869 -0.029 22.448 -0.063 nan nan nan nan nan nan
331.900 21.042 -0.017 21.965 -0.030 21.912 -0.030 22.481 -0.066 nan nan nan nan nan nan
337.900 21.136 -0.020 22.095 -0.034 22.013 -0.035 22.558 -0.073 nan nan nan nan nan nan
367.900 21.631 -0.041 22.714 -0.068 22.505 -0.059 22.904 -0.135 nan nan nan nan nan nan
385.900 21.861 -0.045 22.978 -0.100 22.727 -0.067 23.039 -0.202 nan nan nan nan nan nan
388.900 21.885 -0.049 23.006 -0.108 22.751 -0.069 23.051 -0.217 nan nan nan nan nan nan
400.900 21.926 -0.096 23.057 -0.153 22.804 -0.095 23.063 -0.298 357.228 10560.574 0.000 0.000 30.660 32.747
218.200 19.495 -0.009 19.024 -0.009 19.373 -0.010 19.868 -0.012 9.579 2.838 0.000 0.000 27.850 28.005
221.200 19.523 -0.008 19.107 -0.008 19.469 -0.010 19.989 -0.013 9.924 3.158 0.000 0.000 27.850 28.036
239.200 19.747 -0.011 19.632 -0.009 20.008 -0.011 20.633 -0.017 15.256 7.737 0.000 0.000 28.007 28.362
245.200 19.823 -0.010 19.798 -0.009 20.161 -0.012 20.806 -0.018 16.609 8.613 0.000 0.000 28.036 28.397
251.200 19.896 -0.009 19.958 -0.008 20.302 -0.012 20.961 -0.022 17.728 8.862 0.000 0.000 28.052 28.395
254.200 19.934 -0.010 20.039 -0.009 20.371 -0.013 21.035 -0.024 18.430 9.023 0.000 0.000 28.066 28.399
266.200 20.103 -0.011 20.369 -0.011 20.647 -0.017 21.322 -0.033 23.319 11.264 0.000 0.000 28.201 28.520
281.100 20.349 -0.012 20.799 -0.013 21.001 -0.020 21.674 -0.043 38.387 27.707 0.000 0.000 28.611 29.096
284.200 20.400 -0.012 20.887 -0.014 21.073 -0.020 21.743 -0.045 44.715 39.500 0.000 0.000 28.760 29.331
296.000 20.572 -0.013 21.188 -0.016 21.313 -0.021 21.972 -0.049 115.222 360.142 0.000 0.000 29.823 30.936
299.200 20.610 -0.013 21.260 -0.017 21.368 -0.021 22.022 -0.050 191.891 1097.019 0.000 0.000 30.447 31.821
302.200 20.646 -0.013 21.325 -0.018 21.418 -0.021 22.068 -0.051 486.848 7691.714 0.000 0.000 31.624 33.438
320.100 20.877 -0.014 21.716 -0.024 21.720 -0.024 22.328 -0.056 nan nan nan nan nan nan
323.200 20.921 -0.014 21.783 -0.025 21.772 -0.026 22.371 -0.058 nan nan nan nan nan nan
326.200 20.962 -0.015 21.846 -0.026 21.821 -0.027 22.410 -0.061 nan nan nan nan nan nan
329.200 21.004 -0.016 21.909 -0.028 21.869 -0.029 22.448 -0.063 nan nan nan nan nan nan
331.900 21.042 -0.017 21.965 -0.030 21.912 -0.030 22.481 -0.066 nan nan nan nan nan nan
337.900 21.136 -0.020 22.095 -0.034 22.013 -0.035 22.558 -0.073 nan nan nan nan nan nan
367.900 21.631 -0.041 22.714 -0.068 22.505 -0.059 22.904 -0.135 nan nan nan nan nan nan
367.900 21.631 -0.041 22.714 -0.068 22.505 -0.059 22.904 -0.135 nan nan nan nan nan nan
386.000 21.862 -0.045 22.979 -0.100 22.728 -0.067 23.039 -0.202 nan nan nan nan nan nan
388.900 21.885 -0.049 23.006 -0.108 22.751 -0.069 23.051 -0.217 nan nan nan nan nan nan
1444.900 23.117 -2.766 22.777 -0.288 22.394 -2.637 22.157 -4.525 5.279 0.744 0.000 0.000 26.362 26.289
0.000 34.064 -5.051 26.868 -2.823 22.436 -0.223 21.962 -2.485 1.028 0.123 0.000 0.000 30.014 30.375
213.200 19.459 -0.016 18.893 -0.016 19.212 -0.013 19.658 -0.013 9.101 2.510 0.000 0.000 27.860 27.981
216.200 19.479 -0.011 18.971 -0.011 19.309 -0.010 19.785 -0.011 9.454 2.731 0.000 0.000 27.856 27.998
219.200 19.504 -0.009 19.052 -0.008 19.405 -0.010 19.908 -0.012 9.659 2.916 0.000 0.000 27.848 28.012
237.200 19.721 -0.011 19.574 -0.009 19.953 -0.011 20.570 -0.016 14.685 7.249 0.000 0.000 27.991 28.336
243.200 19.798 -0.010 19.743 -0.009 20.112 -0.011 20.750 -0.018 16.214 8.425 0.000 0.000 28.029 28.392
246.200 19.835 -0.010 19.825 -0.009 20.185 -0.012 20.832 -0.019 16.792 8.676 0.000 0.000 28.038 28.398
252.200 19.909 -0.010 19.985 -0.009 20.325 -0.013 20.986 -0.022 17.944 8.905 0.000 0.000 28.056 28.395
270.200 20.166 -0.011 20.483 -0.011 20.742 -0.018 21.417 -0.036 25.936 13.008 0.000 0.000 28.277 28.610
282.100 20.366 -0.012 20.828 -0.014 21.025 -0.020 21.697 -0.044 40.219 30.825 0.000 0.000 28.656 29.166
297.100 20.585 -0.013 21.213 -0.017 21.332 -0.021 21.989 -0.049 133.805 501.685 0.000 0.000 30.003 31.195
303.200 20.657 -0.013 21.347 -0.018 21.435 -0.021 22.082 -0.051 985.982 32526.657 0.000 0.000 32.531 34.665
306.100 20.692 -0.013 21.409 -0.019 21.483 -0.021 22.125 -0.051 nan nan nan nan nan nan
312.100 20.769 -0.013 21.541 -0.021 21.584 -0.022 22.214 -0.053 nan nan nan nan nan nan
320.900 20.889 -0.014 21.733 -0.024 21.733 -0.025 22.340 -0.057 nan nan nan nan nan nan
324.100 20.933 -0.015 21.802 -0.025 21.787 -0.026 22.383 -0.059 nan nan nan nan nan nan
330.000 21.015 -0.016 21.925 -0.028 21.881 -0.029 22.457 -0.064 nan nan nan nan nan nan
332.900 21.057 -0.018 21.986 -0.030 21.928 -0.031 22.493 -0.067 nan nan nan nan nan nan
351.100 21.373 -0.030 22.399 -0.046 22.256 -0.046 22.741 -0.095 nan nan nan nan nan nan
368.900 21.646 -0.041 22.731 -0.069 22.519 -0.059 22.913 -0.137 nan nan nan nan nan nan
381.000 21.811 -0.043 22.921 -0.089 22.677 -0.065 23.011 -0.179 nan nan nan nan nan nan
383.900 21.842 -0.044 22.957 -0.095 22.708 -0.066 23.029 -0.192 nan nan nan nan nan nan
386.900 21.870 -0.046 22.988 -0.102 22.735 -0.067 23.043 -0.207 nan nan nan nan nan nan
401.900 21.925 -0.102 23.056 -0.159 22.804 -0.099 23.061 -0.306 238.219 4735.669 0.000 0.000 30.138 32.053
407.900 21.899 -0.148 23.033 -0.196 22.792 -0.132 23.035 -0.363 87.421 666.834 0.000 0.000 28.867 30.369
1088.000 22.650 -5.474 22.592 -3.063 22.568 -0.240 22.585 -2.676 7.560 0.394 0.000 0.000 26.474 25.877
1386.200 22.390 -4.780 21.922 -2.632 21.529 -0.105 21.383 -2.393 4.785 0.227 0.000 0.000 26.761 26.194
211.200 19.448 -0.021 18.842 -0.020 19.147 -0.016 19.571 -0.015 8.712 2.281 0.000 0.000 27.857 27.959
214.200 19.465 -0.014 18.919 -0.014 19.245 -0.012 19.701 -0.012 9.254 2.603 0.000 0.000 27.860 27.989
217.200 19.487 -0.010 18.997 -0.010 19.341 -0.010 19.827 -0.011 9.518 2.780 0.000 0.000 27.852 28.001
220.200 19.513 -0.008 19.079 -0.008 19.437 -0.010 19.949 -0.013 9.771 3.022 0.000 0.000 27.848 28.022
223.200 19.544 -0.009 19.164 -0.008 19.532 -0.010 20.068 -0.014 10.345 3.511 0.000 0.000 27.860 28.069
238.200 19.734 -0.011 19.603 -0.009 19.981 -0.011 20.602 -0.017 14.977 7.503 0.000 0.000 27.999 28.350
244.200 19.811 -0.010 19.771 -0.009 20.137 -0.011 20.778 -0.018 16.417 8.531 0.000 0.000 28.033 28.395
247.200 19.847 -0.010 19.851 -0.008 20.209 -0.012 20.859 -0.019 16.972 8.724 0.000 0.000 28.041 28.397
253.200 19.922 -0.010 20.012 -0.009 20.348 -0.013 21.010 -0.023 18.178 8.957 0.000 0.000 28.060 28.397
283.100 20.382 -0.012 20.856 -0.014 21.048 -0.020 21.719 -0.044 42.240 34.544 0.000 0.000 28.704 29.241
298.100 20.597 -0.013 21.236 -0.017 21.350 -0.021 22.005 -0.050 156.489 706.710 0.000 0.000 30.195 31.467
301.200 20.634 -0.013 21.304 -0.018 21.402 -0.021 22.053 -0.050 322.749 3287.010 0.000 0.000 31.100 32.724
313.100 20.782 -0.013 21.563 -0.021 21.601 -0.022 22.228 -0.053 nan nan nan nan nan nan
319.000 20.862 -0.014 21.692 -0.023 21.701 -0.024 22.313 -0.056 nan nan nan nan nan nan
322.000 20.904 -0.014 21.757 -0.024 21.752 -0.025 22.355 -0.058 nan nan nan nan nan nan
325.100 20.947 -0.015 21.823 -0.026 21.803 -0.027 22.396 -0.060 nan nan nan nan nan nan
328.000 20.987 -0.016 21.884 -0.027 21.850 -0.028 22.433 -0.062 nan nan nan nan nan nan
330.900 21.028 -0.017 21.944 -0.029 21.896 -0.030 22.468 -0.065 nan nan nan nan nan nan
349.000 21.336 -0.028 22.353 -0.044 22.219 -0.044 22.714 -0.091 nan nan nan nan nan nan
366.800 21.616 -0.040 22.695 -0.066 22.490 -0.058 22.895 -0.132 nan nan nan nan nan nan
387.900 21.878 -0.048 22.997 -0.105 22.744 -0.068 23.048 -0.212 nan nan nan nan nan nan
682.200 22.313 -6.798 22.340 -5.185 22.395 -2.670 22.463 -0.259 8.496 0.341 0.000 0.000 26.623 25.890
690.000 22.472 -6.807 22.520 -5.192 22.585 -2.677 22.647 -0.297 8.566 0.428 0.000 0.000 26.555 25.917
